. 111111 111191 91111111, 1111111111 1111111111 111111

111 mmmmm 1111111. 1611. 112

111111 11111, 11911911, 1111 111111 1111111111 111111 1111111111111111111111. 11111 1111 1111 1111111111
1111191111 6111111111 11 111 111111 11111111 1191191111 111111, 11 1111111111111111 1111111111 11111, 11 11111
91111 11111111. 1111 1111111111. 1111 1111111 111 1111119111 111

θα 1111 1111111 111 11911111111111111111111 51111111 111 θῑῑ 1111111 111111 111 5⁰stss 1111 1111
'¹ 1119111111911111111111111111111119111911111111 111 1311111111 1111111111 ”¹¹⁵ 111ῑῦ11 ”W 9311111115
1111111111 1111111119 1111111111, 111111 11911111 (11 1111 11111 111111111111 111111 11111111 1111 1111111
11111111111111911111111111,111111111111111111111 am· 1111111111111111111111111(1131111111ιω
1111111 11 1111111 11111111111,11111111111111θ11111, Θ111111111 1111 11 111 111111, 111 11111 1111111111
11111111 1111111, 11111111 1111 11111111 1111119111 Md* (511011 1111111111 ΜΦ 111111111ῐῖ1ῖὼ 151111
’ 111111 11111 11111911 111111911 11111, 111 111 11111111 111111111111111115111 ῑῑῑῑθ ΜΒ 1111111111 1111111
11111 1111 6111111 1111911, 11111111 111 1111111111. 61111ειη &tame 5⁰5 5⁰¹⁶>ss 11111 “1⁸ fflfflbi‘nste 111
11111 1111 1111111 1111111 1111111111 11111111 1111111111 1111531111 [111] 1ιπ ῧῑῑῑ1ῑθῑΐ ”imma 1101111111ε
111, 111 11111 111111. 1111. 111111 mammon nen, 111111 111 1111111111θ111111ι1111111111
1111111 1111, 1111111111 11111 11111. 1119111111 11111111 θθῑῑθῑθῑΐ bemmw 11111111θῖ biam ¹¹¹⁰ss 11111
111, 111) 11111111 1111111 11111111 1111 1111111 11111111 WB “5¹¹ ¹⁸⁰tb¹¹>2¹¹biss 151501 1111111111 101111 111
mm , 991119199999199999999 9999999999, 999, 111111111111111111119111, 1111111111119, 11111111
1111 9111911111111111111 111111. 11111 11111111 111 11 111ῧ1θ111111111111111111111111110111111115311111
1111116111 1111111111 1811111111 1111111111, 11111 111 fam 111ὓ111ὓ11ῧ11ῑ111ῑ11 W &ott 63111111111 11111
9111111 111 111111 111 111 111111, 11 1111111 1111 111 111 11111111 1111 1111 Μ 11111 111 1111111111·

111111 111111 9111111111111111111111119111111111 11 mma ΝΜ ωψῗ Μωῃμίᾠῗ iss' ¹³³5 mit
99999 mit [fit 991 nn! 999 unsa mmm „on 999999 bie 11111111111111111111119111 1111111111, 11111111

99999999 999 „usu 999999 999 &adn auf md„ hm 111 111 11111111 111 111. 11111111 11111119 1111111111 11111
1111111111191 11111111, 11ῶ19991 99999 un„ m 3¹¹² 111119 1111111111, 1111111111111111111111111111111,
9999199, 9999 „m 99999 &adm „mnf 3„ gemm 1111111111 11111911, 11111111111111111111 111111,

’ 11111 111 1111111111111111111111111111 111111111111 ‘be Μ ‘³¹‘ ¹¹¹ Μ’ ⁰²⁶ Μ) ‘'m'‘ &⁰¹3⁸ ”nb δα -
99991, 99 19 99999 9999999 999999 baben nub „43 909), 1111111111 1111111119 9111111111 111111, 1111111111 1111
11111191 &moment 11111111 1111111 1111111, aad) 9ετ teu: 11 111111 11111111111111111111 1311111911111111
9999999999 999999 99999 99999999 „nb 999 fic ΜΦ 1111111, 11111111 111111 111111911911111111111111,
1111111111, 1111111 11111111111111111111111911111111 ”⁶⁶ md) mm 9³⁰¹be hm &mm ss²b⁰¹f²¹¹ '²¹¹⁰
1111111, 111111111, 11911111111111111111111111, 111 mmm mm ιω· Qum 5²¹) W ffiftf‘ ⁰⁸¹⁶ 1
111 1111111191 6111111111 11 111111 11111111 11111119 §begam mmm ”¹¹⁰ ᾗ( mmm fid) Μ W& W&

111 111 iubet ὓ111111111111 ὓ111111111, 11111111 Wss‘t Μ’ ⁰1² ‘¹5⁶²‘ ”5‘13W‘ffi‘f‘ssb0b‘sse 111 1
mm baben, 999 bem „mmmm un„ 99999999 11191111191111111 1111 111111 1111111111 111111, 1111111

111111111111111,11 1111111111111111111

11111111111111 111111111111111111

111 111 111111119111111111θ11191111, 11111111, 1111
1111 1111111119 1111111 9111111111 1119, 91 1111111111,

,1111111111 91 111111, 111 111111111111111 1111111111
. (11111111 11111 1191111111111111 11111. 111911, 111 1111
1ι1θ1111111111,11111111111111111111111111111,11111 , . ·· ›
gemm [mmuh unta cim &endu 3¹⁸ communi= 111 111Θ111111111 91 1111191111 1111 91 3111111111 91

11111, 1111111 111 111999 99999999999199 omnm! 1111111, 111111111111111111191111111111111111111 9

9199199999193911111111111 111 '’ab“ 1111111131111111,1111011111111111

1111 mit 1191111 11111 1811111119 1111111 9111111111 1111,

6111111 111 1111111111 9111911111, 111111 11 111 1111111111111111111111119111111119111, 111111,
1111111911111111111 9111111111 111111, 111 man 1111 1111111111111111111111111111119119 11111111, 91
51111 0111 1111111111 11191 in 111 11111111, 111111 1111111111, 111111111111111111111111111191 1111111
1111111111 Q& 1111, Μ 1111 13011111, 11191 111 111 91111 11111111111111111111 1111111111, 11111111
111111 ¹⁰¹⁶ ”¹²⁸¹ ‘¹¹¹² ⁹30stss 110 tempore 11119191 1119111 1111111111, 91111111 1111111 11111111 1111 1111111111 91 111111

 

1

